bach,1.32900361431,0.172356369692,3.58201498751,3,55.5714285714,2.40861344538,3.72340615647,0.232915611808,0,12,44,0,48,0.0482930890924,0.303913405495
bach,1.48429158686,0.322627737226,2.94087591241,3,71.4736842105,1.4858490566,2.83782725742,0.170108942298,0,12,45,0,48,0.0138686131387,0.215328467153
beethoven,1.00180445699,0.0526315789474,7.07979626486,4,114.2,0.615606936416,0.162116919522,0.116380197447,1,12,70,0,72,0.0730050933786,0.572156196944
borodin,1.02172339688,0.245901639344,8.87978142077,2,5.96875,0.979094076655,0.910979547235,0.728915910009,0,12,55,0,69,0.0819672131148,0.224043715847
borodin,1.30999500853,0.13184079602,4.51741293532,2,63.7142857143,1.27635782748,0.273820403343,0.257412449254,0,12,50,0,67,0.0646766169154,0.3407960199
borodin,1.05958257835,0.118081180812,4.83394833948,4,11.5757575758,1.34595959596,0.211248740438,0.276535079055,0,10,26,2,45,0.243542435424,0.612546125461
brahms,0.795942410095,0.0565476190476,7.90178571429,2,14.5161290323,0.527173913043,0.274030700134,0.396500555364,0,12,50,0,60,0.0238095238095,0.458333333333
chopin,0.974622706115,0.046511627907,2.53488372093,4,13.2307692308,1.66863905325,1.20719798061,0.63105909067,0,12,34,0,45,0.302325581395,0.53488372093
chopin,0.750920765032,0.120481927711,6.25301204819,4,39.1666666667,1.40350877193,0.351592794138,0.294863501765,0,12,52,0,61,0.150602409639,0.481927710843
chopin,1.17898419235,0.0221653878943,5.12787723785,5,147.875,1.73934030571,0.446694801289,0.0877973823202,0,12,73,0,77,0.0144927536232,0.523444160273
chopin,1.20482385501,0.0136319376826,6.56280428432,4,46.1538461538,1.35255948089,0.102285494695,0.0543518661196,0,12,53,0,74,0.0262901655307,0.549172346641
chopin,1.41912963606,0.297947629158,3.62986553432,4,102.533333333,1.49928263989,0.252913343172,0.101758073179,0,12,64,0,68,0.0134465675867,0.273177636235
chopin,1.22875998012,0.0109561752988,11.0209163347,1,77.0,0.919718309859,0.131689609496,0.121607586734,0,12,65,0,72,0.0159362549801,0.669322709163
chopin,1.31092556051,0.203389830508,2.94915254237,4,46.9333333333,1.2202166065,0.119086974866,0.0797035293521,0,12,49,0,52,0.14406779661,0.333333333333
chopin,0.864501957053,0.243816254417,3.49469964664,5,42.8333333333,0.495784148398,0.204227324291,0.259436409224,0,12,39,0,57,0.0989399293286,0.371024734982
debussy,1.06636352388,0.0239043824701,5.75298804781,4,52.0,1.18057285181,0.41526023435,0.304405875379,0,12,56,0,70,0.0278884462151,0.569721115538
debussy,0.863558423703,0.0469613259669,4.50690607735,5,183.25,0.791030534351,0.470156776934,0.136640343659,0,12,54,2,65,0.0814917127072,0.585635359116
debussy,0.978416781592,0.0289855072464,5.54492753623,4,34.5833333333,1.42582897033,0.753828533709,0.338462445601,0,12,51,0,61,0.176811594203,0.649275362319
debussy,0.652358000914,0.185688405797,3.67934782609,2,30.9428571429,0.746031746032,0.194920738329,0.113485810014,1,12,51,0,69,0.0797101449275,0.290760869565
debussy,1.32994097618,0.230303030303,2.94545454545,3,33.6666666667,0.779527559055,1.05261704747,0.474213297562,0,12,43,1,60,0.0181818181818,0.260606060606
debussy,0.770377670242,0.0948717948718,3.86666666667,4,103.714285714,0.63418079096,0.226199036963,0.164891811855,0,12,52,0,72,0.125641025641,0.346153846154
haydn,1.24334937364,0.182361733931,3.62855007474,4,137.615384615,1.77485380117,0.216859706532,0.124652252857,0,12,51,1,58,0.0979073243647,0.397608370703
haydn,1.41522485285,0.120082815735,3.48861283644,5,24.2,1.10920770878,0.263401534271,0.25292006413,0,10,27,2,40,0.209109730849,0.56314699793
haydn,0.979195778686,0.11887254902,6.05392156863,4,16.2291666667,1.7183908046,0.199397509075,0.127058373753,0,9,33,1,50,0.031862745098,0.541666666667
haydn,1.38164154589,0.190789473684,3.31907894737,3,26.7272727273,1.30291970803,0.220721468688,0.312105643142,0,10,30,2,48,0.125,0.371710526316
mosczkowski,0.906133040037,0.251827782291,3.72461413485,2,330.833333333,1.42658730159,0.202842373663,0.0672653552947,0,12,70,0,81,0.0463038180341,0.302193338749
mozart,1.19437008013,0.218789407314,3.94955863808,3,73.8928571429,0.223007712082,0.0894186825855,0.10365291789,0,12,44,1,50,0.15447667087,0.453972257251
mozart,0.985758112261,0.190317195326,3.7796327212,3,69.3636363636,1.08159722222,0.152554690249,0.150124423121,0,12,43,1,53,0.0534223706177,0.40734557596
mozart,1.25817965911,0.230769230769,3.25433125433,4,125.923076923,0.467753366407,0.146697279302,0.120864291049,0,12,52,0,53,0.171171171171,0.435897435897
schumann,0.988128450742,0.22972972973,3.51351351351,5,11.5714285714,0.984375,0.742168437054,0.525844258539,1,12,40,0,60,0.148648648649,0.378378378378
schumann,1.44028729333,0.195945945946,2.80405405405,3,30.3,0.793721973094,0.143867254374,0.218056439847,0,11,28,1,36,0.108108108108,0.256756756757
schumann,0.981745391241,0.0,5.25,4,27.75,1.15625,0.193161295292,0.212859357659,0,11,46,0,56,0.125,0.375
schumann,1.0299012513,0.240704500978,4.49315068493,3,61.4,0.845381526104,0.182905133012,0.120091015306,0,12,53,0,58,0.041095890411,0.358121330724
schumann,1.11598580245,0.186752529899,3.32842686293,5,33.6176470588,1.07555555556,0.0860588381773,0.147117590746,0,12,
bach,1.03459247792,0.257201646091,2.4341563786,2,30.2258064516,2.91853932584,0.74513951824,0.327771151023,0,10,34,0,45,0.0884773662551,0.224279835391
bach,0.871683787121,0.166969147005,4.3557168784,4,60.2222222222,1.96296296296,0.0896971141085,0.15178807947,0,12,41,0,48,0.00362976406534,0.427404718693
bach,0.906601260037,0.255900621118,2.90434782609,3,26.724137931,2.7,0.194712490827,0.159081419624,0,11,35,0,46,0.00496894409938,0.257142857143
bach,1.47781290215,0.0569105691057,9.68292682927,2,52.6666666667,0.933447098976,0.467395352396,0.313496619464,0,9,38,0,57,0.0894308943089,0.455284552846
bach,1.13658408219,0.222462203024,2.7818574514,3,57.125,1.86005830904,0.19609015756,0.184210526316,0,11,36,0,48,0.0237580993521,0.306695464363
bach,1.4432895872,0.0925266903915,4.34341637011,5,61.4444444444,1.85390428212,0.0888132521089,0.136363636364,0,12,44,0,46,0.00355871886121,0.612099644128
bach,1.32569926394,0.0649651972158,7.64733178654,2,147.333333333,0.943804034582,0.154113585751,0.160498220641,0,12,44,0,48,0.0626450116009,0.380510440835
bach,1.22401940387,0.203804347826,6.14673913043,2,174.5,0.850546780073,0.175262804701,0.126058085231,0,12,45,0,48,0.054347826087,0.29347826087
bach,1.33305577057,0.0959459459459,6.63243243243,2,209.5,0.767666989351,0.0870746765589,0.118235561619,0,12,45,0,47,0.0621621621622,0.405405405405
bach,1.55824867881,0.149012567325,7.23698384201,2,125.6,0.929712460064,0.188839353856,0.202203947368,0,12,47,0,48,0.0592459605027,0.319569120287
bach,1.30427677772,0.194881889764,4.87992125984,2,78.4285714286,0.884615384615,0.193141081189,0.120885279964,0,12,44,0,45,0.0570866141732,0.257874015748
bach,1.25367266428,0.0864714086471,6.11994421199,4,184.5,0.94801061008,0.153866730756,0.113417329796,0,12,47,0,48,0.0599721059972,0.44769874477
bach,1.08875792908,0.126865671642,6.54228855721,3,146.0,0.929136826234,0.151799488531,0.115873382625,0,12,45,0,46,0.0310945273632,0.349502487562
bach,1.24194589963,0.114139693356,7.99659284497,3,94.8571428571,0.924721984602,0.152590744579,0.155745759206,0,12,48,0,47,0.0494037478705,0.388415672913
bach,1.28519646757,0.143695014663,6.53079178886,2,96.5,0.869490060501,0.129221234016,0.14660623946,0,12,44,0,46,0.0263929618768,0.310850439883
bach,1.10807776644,0.160075329567,8.14689265537,2,111.428571429,0.733128834356,0.146714197849,0.105061003163,0,12,46,0,48,0.030131826742,0.290018832392
bach,0.983721901741,0.144144144144,8.17657657658,2,145.75,0.847838616715,0.0965900867759,0.0893691588785,0,12,44,0,48,0.045045045045,0.279279279279
bach,1.47045668723,0.116910229645,6.624217119,4,135.75,0.94933022714,0.201116172128,0.204768786127,0,12,47,0,48,0.0459290187891,0.334029227557
bach,1.13885567918,0.0849220103986,7.03292894281,3,86.4285714286,0.906407035176,0.102015016523,0.125885160099,0,12,44,0,47,0.117850953206,0.464471403813
bach,1.53956098268,0.154269972452,6.15977961433,3,108.75,0.862172284644,0.192361723037,0.197728095583,0,12,44,0,46,0.0798898071625,0.330578512397
bach,0.969164236442,0.164756446991,5.32091690544,3,119.571428571,0.820348304308,0.11072109784,0.115752828547,0,12,48,0,48,0.0830945558739,0.35100286533
bach,1.1694482202,0.171122994652,6.55971479501,2,70.8888888889,0.91214953271,0.17449451865,0.158062704249,0,12,46,0,48,0.0463458110517,0.224598930481
bach,1.15799955991,0.138075313808,5.91422594142,3,127.25,0.85380919698,0.129124873361,0.161581254214,0,12,40,0,48,0.0439330543933,0.376569037657
bach,1.27019342705,0.126801152738,6.33141210375,3,139.0,0.907872696817,0.205994480723,0.228633360859,0,12,48,0,47,0.0778097982709,0.386167146974
bach,0.978378178909,0.128888888889,6.55777777778,3,49.1,0.827705031013,0.131604954055,0.188980040595,0,12,43,0,46,0.0533333333333,0.368888888889
bach,1.23116288825,0.205442176871,5.8612244898,2,216.0,0.834850993377,0.172069294529,0.176753169572,0,12,48,0,48,0.0421768707483,0.29387755102
bach,1.29216709392,0.145966709347,5.31754161332,2,123.857142857,0.666247642992,0.117219137692,0.108929550439,0,12,47,0,48,0.0806658130602,0.359795134443
bach,1.31075706111,0.129310344828,7.63362068966,2,87.25,0.850515463918,0.298747474231,0.330685550084,0,12,45,0,46,0.0818965517241,0.306034482759
bach,1.11837875422,0.17,4.8975,2,40.9,0.876353790614,0.13662346079,0.189893143366,0,12,43,0,46,0.04,0.2525
bach,1.43442233705,0.226694915254,5.9375,2,256.75,0.882723833544,0.152317557738,0.194521320213,0,12,47,0,47,0.00529661016949,0.262711864407
debussy,1.06813830301,0.0214132762313,5.85438972163,4,44.3333333333,1.18929016189,0.419247551581,0.304405875379,0,12,56,0,70,0.03426124197,0.578158458244
couperin,1.2920274161,0.30737704918,4.2868852459,2,62.5,0.46600877193,0.0438356796632,0.133702983785,0,11,41,0,50,0.0368852459016,0.0983606557377
debussy,0.841010055807,0.0878378378378,10.3513513514,1,461.0,0.945864661654,0.0596487829743,0.106885782563,1,12,65,0,72,0.0675675675676,0.418918918919
debussy,1.01900324131,0.0401459854015,3.91240875912,3,22.24,0.95523906409,0.690162497523,0.286561158381,1,12,66,0,69,0.332116788321,0.5
debussy,0.827115137057,0.207207207207,8.51351351351,3,214.0,0.739877300613,0.298690045929,0.250623580099,1,12,65,0,69,0.027027027027,0.261261261261
debussy,0.864965595774,0.0756775783175,5.01478352693,4,127.681818182,2.77548806941,1.59669122525,0.0874591206395,0,12,78,0,81,0.149243224217,0.526223160859
faure,0.920131130627,0.0505344995141,8.85131195335,3,139.75,0.750256235053,0.0645389337184,0.0706551440646,0,12,77,0,81,0.0126336248785,0.419825072886
faure,0.865760970138,0.0558930741191,11.7995139733,1,320.333333333,0.763187015861,0.103065781676,0.0986358497576,0,12,67,0,69,0.0279465370595,0.347509113001
grieg,0.88899278984,0.18431911967,7.1196698762,4,131.333333333,1.46657381616,0.187555540302,0.133574805941,0,12,50,0,72,0.0247592847318,0.374140302613
grieg,1.11950529264,0.0984615384615,3.89538461538,7,26.6666666667,0.68085106383,0.0884709284798,0.106783038527,0,12,34,3,48,0.138461538462,0.48
grieg,0.670563920111,0.19595959596,3.0101010101,5,53.0,1.68908819133,0.233058011201,0.0888814435799,0,12,54,0,58,0.133333333333,0.339393939394
grieg,0.954894065917,0.152623211447,4.56438791733,4,64.5454545455,1.04990757856,0.22674394832,0.140022485414,0,12,53,1,74,0.033386327504,0.43720190779
grieg,0.972644662918,0.111731843575,4.14525139665,5,13.1578947368,0.547511312217,0.732409376275,0.606719436359,0,12,34,1,37,0.111731843575,0.418994413408
grieg,1.03856187162,0.0805687203791,2.18009478673,3,42.625,1.22701149425,0.408100596903,0.277335548197,0,11,25,2,43,0.298578199052,0.507109004739
grieg,1.18068302912,0.215,4.07,3,19.0,0.988764044944,0.366632329179,0.555527706462,0,12,34,1,48,0.08,0.365
grieg,0.859118783686,0.127753303965,3.94860499266,4,186.666666667,0.63754963131,0.234432680823,0.164039035285,1,12,65,0,69,0.138032305433,0.431718061674
scarlatti,1.41012675144,0.105409153953,8.84466019417,2,73.4545454545,0.481246026701,0.147379028058,0.0790048543689,0,12,44,1,79,0.0846047156727,0.443828016644
scarlatti,0.993522235206,0.1568,7.448,4,156.5,0.799879081016,0.19290653463,0.11811446941,0,12,51,1,85,0.0304,0.384
scarlatti,0.844919938457,0.100997506234,5.72194513716,4,152.916666667,0.467983243567,0.0744545731585,0.0717655752615,0,12,42,0,81,0.0610972568579,0.454488778055
scarlatti,1.19538047339,0.0908281389136,7.09082813891,4,103.307692308,0.647936177593,0.0908524120494,0.0814875678765,0,12,48,3,85,0.0747996438112,0.387355298308
liszt,0.936020857468,0.188322368421,5.83182565789,3,147.0,0.482684448268,0.259183492132,0.110405516284,1,12,79,0,79,0.0925164473684,0.458059210526©
mozart,1.38503613735,0.238547486034,3.97206703911,3,170.363636364,1.62310866575,0.179791779385,0.137302133517,0,12,53,0,57,0.0284916201117,0.362569832402
schoenberg,0.693334562951,0.0,4.0,3,6.8,1.04545454545,0.318280787684,0.293103448276,0,12,26,2,46,0.0,0.75
schoenberg,0.720509452196,0.461538461538,7.76923076923,1,2.75,1.36842105263,0.696710442832,0.521428571429,0,12,25,1,56,0.0,0.153846153846
beethoven,1.42364979104,0.121951219512,7.27494456763,3,124.75,0.802308802309,0.0991644872056,0.109194462613,0,12,47,1,57,0.0687361419069,0.439024390244
beethoven,1.33069340816,0.286836935167,2.89390962672,3,67.8235294118,0.529080675422,0.369081477003,0.217948717949,0,12,47,1,57,0.0962671905697,0.2721021611
beethoven,1.43611983187,0.133079847909,8.77376425856,2,180.333333333,0.672373540856,0.107957056384,0.115763750828,0,12,56,2,67,0.11216730038,0.433460076046
beethoven,1.37451053704,0.0615711252654,10.1762208068,1,107.666666667,0.720338983051,0.143874647042,0.160332193454,0,12,48,0,57,0.123142250531,0.422505307856
beethoven,1.36731668784,0.0972222222222,5.98611111111,5,57.0,0.557333333333,0.149222786527,0.326797385621,0,11,37,0,50,0.0833333333333,0.458333333333
beethoven.mid,1.2107270814,0.0726495726496,8.35897435897,2,61.1111111111,0.911830357143,0.212989275394,0.154685870699,0,12,54,2,60,0.128205128205,0.455128205128
boulez,0.493370087375,0.0526315789474,9.10526315789,4,13.0,0.518518518519,0.460444893625,0.422377605309,1,12,39,1,86,0.368a421052632,0.526315789474
brahms,1.07413109892,0.080985915493,11.3626760563,2,42.4285714286,0.798674399337,0.150162139041,0.152206399437,0,12,58,0,63,0.0457746478873,0.355633802817
brahms,1.05591864048,0.0309278350515,12.3436426117,1,201.0,0.828585707146,0.103863823549,0.115200583739,0,12,51,0,57,0.0120274914089,0.39175257732
brahms,1.6260316601,0.0668693009119,12.8829787234,0,170.5,0.882400979992,0.164999118222,0.134649699474,0,12,59,0,71,0.0288753799392,0.354103343465
brahms,1.02519528323,0.00735294117647,12.0036764706,2,61.8,0.861855670103,0.104083610624,0.0920965133677,0,12,60,0,62,0.0220588235294,0.444852941176
brahms,1.1674852621,0.00751879699248,11.030075188,4,54.0,0.666666666667,0.09419861166,0.24889380531,0,12,62,1,76,0.0676691729323,0.526315789474
brahms,0.804325002532,0.0313479623824,11.3887147335,1,87.5,0.847864768683,0.0850479585098,0.103617209372,0,12,53,1,60,0.0313479623824,0.404388714734
brahms,0.863517036666,0.098,10.842,2,169.666666667,0.79012345679,0.0903335612518,0.122899159664,0,12,62,0,72,0.038,0.386
/Users/test/midi2/clem3606.mid,1.31931790964,0.0772870662461,8.47160883281,2,48.7857142857,0.734117647059,0.0678385018975,0.0789090217942,0,12,47,0,55,0.0678233438486,0.432176656151
/Users/test/midi2/cpbachsof.mid,1.34503536868,0.0972222222222,6.3125,5,76.0,0.283018867925,0.0734185369132,0.12953539557,0,12,47,2,56,0.118055555556,0.541666666667
/Users/test/midi2/cpebachviv.mid,0.979441484697,0.338068181818,3.21875,2,37.45,0.912921348315,0.164353795373,0.169312169312,0,12,40,0,43,0.0852272727273,0.308238636364
/Users/test/midi2/field02.mid,1.22408616378,0.0621963070943,6.44314868805,3,148.0,1.28091603053,0.685267504046,0.142398746192,0,12,57,2,62,0.0592808551992,0.522837706511
/Users/test/midi2/field_1.mid,1.26839267344,0.102961918195,5.46544428773,4,30.1739130435,1.10466222645,0.340048860297,0.234978198332,0,12,49,2,55,0.080394922426,0.425952045134
/Users/test/midi2/hay-p31a.mid,1.40021213613,0.223082881487,3.3400464756,3,77.0555555556,0.649167733675,0.172033154261,0.103896801213,0,12,53,0,56,0.0255615801704,0.267234701782
/Users/test/midi2/hay-p31b.mid,1.22199922186,0.233846153846,3.90153846154,3,50.8571428571,1.93264248705,0.360661737246,0.290461344692,0,12,46,0,55,0.0246153846154,0.335384615385
/Users/test/midi2/hay-p31c.mid,1.34429037039,0.1875,5.04360465116,3,62.3846153846,0.442105263158,0.120073386619,0.101916426871,0,11,48,1,57,0.0581395348837,0.428779069767
/Users/test/midi2/hay-p32a.mid,1.40708538052,0.167337087691,4.81496379726,3,164.125,1.31348511384,0.183332059573,0.139331505225,0,12,53,1,58,0.0209171359614,0.439259855189
/Users/test/midi2/hay-p32b.mid,1.27713163245,0.331465919701,3.04761904762,2,30.3611111111,1.39752832132,0.271234607471,0.15729601545,0,12,42,0,53,0.0345471521942,0.22502334267
/Users/test/midi2/hay-p32c.mid,1.27923594182,0.298751200768,2.39000960615,3,119.727272727,1.2397137746,0.280784266836,0.0973671137606,0,12,55,1,58,0.102785782901,0.219020172911
/Users/test/midi2/hay-p33a.mid,1.26875435918,0.182332155477,3.84169611307,3,117.923076923,0.448253557568,0.302436655768,0.138121306917,0,12,46,0,58,0.0296819787986,0.363957597173
/Users/test/midi2/hay-p33b.mid,0.954365710669,0.160759493671,4.08860759494,3,92.4444444444,1.06500541712,0.223256110539,0.123610548157,0,12,49,0,60,0.0151898734177,0.408860759494
/Users/test/midi2/hay-p33c.mid,0.826115810417,0.186274509804,4.14705882353,3,52.9375,0.593198992443,0.449957630176,0.164630358252,0,12,45,1,56,0.0257352941176,0.334558823529
/Users/test/midi2/hay-p34a.mid,1.28682096784,0.117001828154,4.45978062157,5,82.3125,0.448184233835,0.194324579206,0.149300898008,0,12,52,0,57,0.0466179159049,0.475319926874
Skipping /Users/test/midi2/hay-p34b.mid
/Users/test/midi2/haydnemaj.mid,0.966398763665,0.129330254042,6.12933025404,4,53.4444444444,0.874531835206,0.307006839854,0.192015895954,0,12,53,1,57,0.136258660508,0.475750577367
Skipping /Users/test/midi2/jcbach17_2b.mid
/Users/test/midi2/no1parta.mid,1.2699365983,0.142857142857,4.19875776398,4,31.55,1.5486381323,0.245998076839,0.179164689131,0,9,34,1,50,0.0745341614907,0.416149068323
/Users/test/midi2/no1partb.mid,1.52177175532,0.0975609756098,4.21951219512,6,32.4285714286,1.85020242915,0.253399318753,0.220946915352,0,10,30,2,45,0.0634146341463,0.560975609756
/Users/test/midi2/no1partc.mid,1.53426033351,0.147699757869,3.22518159806,5,26.4375,1.84459459459,0.0977097363371,0.229591836735,0,8,26,1,43,0.106537530266,0.467312348668
/Users/test/midi2/no2parta.mid,1.39791410387,0.173652694611,4.124750499,4,33.9333333333,1.7782369146,0.0840244801923,0.202331961591,0,11,34,1,48,0.0718562874251,0.432135728543
/Users/test/midi2/no2partb.mid,1.26187081367,0.20207253886,4.15025906736,6,26.625,1.95,0.286250357446,0.3359375,0,9,30,0,48,0.0,0.466321243523
/Users/test/midi2/no2partc.mid,1.12401088533,0.114122681883,3.57489300999,5,78.2222222222,1.83967935872,0.161845008469,0.21,0,10,30,2,43,0.108416547789,0.416547788873
/Users/test/midi2/no3parta.mid,1.45472628366,0.126874279123,3.42329873126,4,53.0555555556,1.12835820896,0.138680853638,0.205557054222,0,11,42,0,53,0.137254901961,0.43598615917
/Users/test/midi2/no3partb.mid,1.58716272155,0.256198347107,3.36776859504,3,16.0,1.93617021277,0.302847289392,0.510471204188,0,8,24,2,38,0.00413223140496,0.219008264463
/Users/test/midi2/no3partc.mid,1.37036675323,0.270613107822,2.42283298097,2,27.9130434783,1.61836734694,0.1699445905,0.207910750507,0,10,31,2,41,0.0845665961945,0.260042283298
/Users/test/midi2/no4parta.mid,1.27684408379,0.143504531722,4.77643504532,5,70.5714285714,0.982817869416,0.246779732476,0.228684661525,0,12,41,1,53,0.0498489425982,0.482628398792
/Users/test/midi2/no4partb.mid,1.59327303178,0.148148148148,5.14074074074,4,50.4285714286,0.453488372093,0.175885761692,0.265384615385,0,11,32,1,53,0.0740740740741,0.537037037037
/Users/test/midi2/no4partc.mid,1.33031675714,0.124752475248,3.73465346535,5,61.2941176471,1.46803278689,0.136765776025,0.0732394366197,0,9,34,1,52,0.029702970297,0.480198019802
/Users/test/midi2/no5parta.mid,1.41601367334,0.0447284345048,4.40628328009,5,53.8888888889,1.85305343511,0.270554573456,0.194083969466,0,12,47,1,53,0.0846645367412,0.554313099042
/Users/test/midi2/no5partb.mid,1.36704936848,0.0602836879433,4.43617021277,5,26.7142857143,1.9068627451,0.146043823713,0.198522376953,0,8,30,4,52,0.0939716312057,0.549645390071
/Users/test/midi2/no5partc.mid,1.1141933686,0.239175257732,2.54226804124,4,75.0,1.55046826223,0.206432861349,0.210827374872,0,12,42,1,50,0.129896907216,0.345360824742
/Users/test/midi2/bartok1.mid,1.00947668544,0.0,3.48717948718,4,16.2222222222,0.266055045872,0.0649598888124,0.144258199257,0,9,28,3,48,0.25641025641,0.410256410256
/Users/test/midi2/bartok2.mid,0.528826731531,0.278350515464,7.35051546392,3,49.3333333333,0.687323943662,0.611943273487,0.275451807229,0,11,39,1,78,0.0412371134021,0.216494845361
/Users/test/midi2/bartok3.mid,0.224299705964,0.175609756098,4.0243902439,4,27.9090909091,1.49190938511,0.267203884686,0.100267896536,1,12,43,2,59,0.19512195122,0.521951219512
/Users/test/midi2/bartok4.mid,0.428103194941,0.0105263157895,0.972368421053,1,46.7368421053,1.05310734463,0.342804188367,0.113371187584,1,12,39,2,40,0.885526315789,0.939473684211
/Users/test/midi2/bartok5.mid,0.469340102157,0.234320557491,4.80836236934,4,223.5,0.347734457323,0.211141980865,0.11781733573,0,12,74,0,76,0.0104529616725,0.322299651568
/Users/test/midi2/bartok6.mid,0.65432182438,0.16049382716,6.23456790123,4,34.3333333333,0.781144781145,0.241126309803,0.194936732618,0,12,38,1,38,0.037037037037,0.407407407407
/Users/test/midi2/bartok7.mid,0.764608733812,0.0990099009901,6.72277227723,3,24.75,0.944071588367,0.383701916604,0.24379049676,0,12,34,3,68,0.108910891089,0.49504950495
/Users/test/midi2/bartok8.mid,0.525948779386,0.177215189873,4.9746835443,3,190.0,0.38905775076,0.103090105755,0.158616120588,1,12,59,0,69,0.227848101266,0.400843881857
/Users/test/midi2/bartok9.mid,1.27358610888,0.168316831683,5.48514851485,4,93.0,0.231707317073,0.268492651014,0.332105563676,0,12,39,3,44,0.00990099009901,0.247524752475
/Users/test/midi2/ccorea3.mid,0.94192606361,0.117647058824,4.75490196078,4,25.4,0.867383512545,0.188034439996,0.246816008455,0,10,21,5,27,0.0980392156863,0.56862745098
/Users/test/midi2/ccorea4.mid,0.870005822301,0.118367346939,4.31836734694,5,43.0,0.450216450216,0.129128243249,0.171415627032,0,9,20,4,34,0.175510204082,0.54693877551
/Users/test/midi2/ccorea6.mid,0.892491811654,0.136666666667,5.61,4,108.5,0.831029185868,0.08959312442,0.103498838587,0,12,30,4,51,0.0133333333333,0.316666666667
/Users/test/midi2/dohnyanyi1.mid,1.0918000131,0.0382513661202,4.86703096539,6,64.7777777778,0.889918887601,0.347152428889,0.0965306619201,0,12,55,1,76,0.00182149362477,0.577413479053
/Users/test/midi2/dohynanyi2.mid,0.982815872449,0.0286806883365,8.18738049713,3,254.8,0.375420067211,0.0921279750925,0.133367777686,0,12,83,0,92,0.12810707457,0.53154875717
Skipping /Users/test/midi2/faure1.mid
/Users/test/midi2/faure2.mid,1.17046041882,0.0796116504854,4.63300970874,3,70.7333333333,0.818526955201,6.32702210854,0.0921137685844,0,12,71,0,72,0.0223300970874,0.329126213592
/Users/test/midi2/faure3.mid,0.973574132565,0.143732970027,3.28610354223,6,40.2432432432,3.95305401312,2.9451294572,0.145748204947,0,12,48,2,50,0.185286103542,0.49727520436
/Users/test/midi2/faure4.mid,1.34516667245,0.213114754098,5.86885245902,4,32.5,0.486631016043,0.403235306465,0.675531914894,0,12,41,3,41,0.016393442623,0.295081967213
/Users/test/midi2/faure5.mid,1.37822662681,0.10597826087,6.11141304348,5,184.0,0.671452702703,0.0659857294845,0.123073604904,1,12,62,0,74,0.0380434782609,0.372282608696
/Users/test/midi2/faure6.mid,1.0188145575,0.0767386091127,6.70023980815,3,74.4285714286,0.886764705882,0.275649217986,0.33898338618,0,12,49,0,62,0.0647482014388,0.486810551559
/Users/test/midi2/gershwin1.mid,0.823111079385,0.0687830687831,9.80952380952,3,46.2,0.787162162162,0.16887001449,0.149176600289,0,12,55,0,62,0.179894179894,0.597883597884
/Users/test/midi2/gershwin2.mid,0.914152847182,0.11320754717,4.82547169811,4,152.0,0.755336617406,0.335037546418,0.356504511493,0,12,51,0,69,0.146226415094,0.547169811321
Skipping /Users/test/midi2/gershwin3.mid
/Users/test/midi2/mend19.mid,1.41624302629,0.0241379310345,8.68275862069,3,144.75,0.956607495069,0.157237223584,0.0973221422854,0,12,47,1,54,0.0189655172414,0.520689655172
Skipping /Users/test/midi2/mend34.mid
/Users/test/midi2/mend38.mid,1.17296538649,0.0924369747899,8.93557422969,1,141.333333333,0.942124542125,0.0692495823126,0.0933913199426,0,12,39,2,48,0.047619047619,0.378151260504
/Users/test/midi2/mend47.mid,1.18313837867,0.135693215339,1.66666666667,3,82.5,1.05429292929,0.0855049822869,0.101361434893,0,12,33,3,55,0.569321533923,0.669616519174
/Users/test/midi2/mend85.mid,1.6412570556,0.0063829787234,9.87234042553,3,156.333333333,0.914120561519,0.118551084522,0.105557737628,0,12,50,1,67,0.0,0.491489361702
/Users/test/midi2/mend86.mid,1.50855529774,0.0866141732283,3.91076115486,5,57.5333333333,0.560052219321,0.25369601867,0.20071737836,0,12,46,0,54,0.0236220472441,0.517060367454
/Users/test/midi2/mendgond.mid,1.32034480936,0.0379746835443,13.1455696203,1,24.4285714286,0.73434856176,0.258902091806,0.165048543689,0,12,42,0,57,0.0696202531646,0.449367088608
/Users/test/midi2/messiaenv3.mid,0.765271657256,0.0175438596491,13.7719298246,1,94.3333333333,0.425963488844,0.533805904194,0.289544476327,0,12,75,2,75,0.0701754385965,0.385964912281
/Users/test/midi2/mikro037.mid,1.06146896519,0.1,3.95,3,7.0,0.478260869565,0.128200033085,0.363698264755,0,5,10,7,19,0.0833333333333,0.4
/Users/test/midi2/mikro082.mid,1.38384588445,0.0,1.5,2,10.2,0.191489361702,0.183333822587,0.139481000189,1,7,14,3,19,0.25,0.25
/Users/test/midi2/mikro113.mid,0.65597510963,0.0839694656489,6.58778625954,2,12.0909090909,0.521857923497,0.169704140511,0.132420309219,0,11,33,4,47,0.343511450382,0.458015267176
/Users/test/midi2/mikro125.mid,0.900071320426,0.1328125,4.34375,3,25.6,0.918674698795,0.188686197373,0.249926034604,1,12,40,1,46,0.078125,0.3125
/Users/test/midi2/mikro127.mid,1.05011217503,0.166666666667,7.05555555556,5,8.57142857143,0.538461538462,0.222571166184,0.336436466992,1,12,46,3,53,0.0,0.222222222222
/Users/test/midi2/mikro130.mid,0.950399478237,0.264,5.096,3,61.0,0.372693726937,0.078979310795,0.167109330798,0,12,55,0,63,0.048,0.2
/Users/test/midi2/mikro131.mid,1.1693526688,0.0,11.8571428571,4,46.0,0.371980676329,0.0919799392397,0.19462556807,0,12,47,0,56,0.0,0.571428571429
/Users/test/midi2/mikro133.mid,0.461704741888,0.452173913043,5.21739130435,2,76.0,0.543046357616,0.119868992366,0.17983490566,0,12,51,0,64,0.0434782608696,0.2
/Users/test/midi2/mikro136.mid,0.662659980602,0.0,4.85714285714,3,25.2,0.730290456432,0.213087515364,0.370678087828,1,12,38,0,53,0.0892857142857,0.5
/Users/test/midi2/mikro140.mid,0.493285758546,0.0740740740741,8.61111111111,3,75.25,0.52347826087,0.0960787921924,0.124694092928,1,12,53,2,57,0.0555555555556,0.314814814815
/Users/test/midi2/mikro141.mid,1.02564073946,0.078125,6.78125,3,92.0,0.794797687861,0.134091546764,0.196626656139,1,12,49,0,64,0.078125,0.4375
/Users/test/midi2/mikro142.mid,0.671941450835,0.350806451613,2.22983870968,3,33.2,0.861111111111,0.0618480932394,0.112883718868,1,12,25,0,25,0.0483870967742,0.237903225806
Skipping /Users/test/midi2/mikro143.mid
/Users/test/midi2/mikro144.mid,0.624336206138,0.152542372881,5.89830508475,3,25.75,0.853191489362,0.48574404136,0.481886345295,1,12,56,0,67,0.0677966101695,0.474576271186
/Users/test/midi2/mikro145.mid,0.348558073873,0.4875,4.875,1,200.0,0.404380791912,0.109689042472,0.186792647075,1,12,70,0,77,0.034375,0.20625
/Users/test/midi2/mikro146.mid,0.888666322538,0.244859813084,3.23177570093,4,106.714285714,0.869397217929,0.247943515578,0.0833359741195,0,12,68,1,73,0.188785046729,0.403738317757
/Users/test/midi2/mikro147.mid,0.926373955114,0.170731707317,10.1341463415,3,7.31818181818,0.70626349892,0.208008792537,0.215967502224,1,12,63,1,71,0.121951219512,0.317073170732
/Users/test/midi2/mikro148.mid,0.813114485389,0.0656565656566,10.3232323232,1,132.5,0.817531305903,0.103691030556,0.18349883636,0,12,67,0,72,0.0606060606061,0.348484848485
/Users/test/midi2/mikro149.mid,0.74032800614,0.00763358778626,5.95419847328,3,55.3333333333,0.577551020408,0.0648259642867,0.130896977272,0,12,44,0,44,0.389312977099,0.778625954198
Skipping /Users/test/midi2/op33no05.mid
/Users/test/midi2/op33no2.mid,0.651207152151,0.093062605753,8.16920473773,3,89.7142857143,0.781011781012,0.0582286872304,0.0772288029925,0,12,54,2,69,0.0947546531303,0.41116751269
/Users/test/midi2/rach-0302.mid,1.05207332217,0.0592592592593,10.8296296296,1,48.875,0.723345588235,0.463045989893,0.214303765478,0,12,63,0,88,0.0111111111111,0.403703703704
/Users/test/midi2/rach-2301.mid,0.973036715645,0.0698324022346,7.82402234637,0,130.0,0.881289308176,0.232919540873,0.151625424552,0,12,57,1,90,0.0810055865922,0.424581005587
/Users/test/midi2/rach-2304.mid,1.00106797794,0.0545454545455,12.1818181818,1,120.0,0.789404839765,0.208668512981,0.147749858035,0,12,62,1,94,0.0113636363636,0.415909090909
/Users/test/midi2/rach-2310.mid,1.37967264047,0.109523809524,9.47619047619,3,85.3333333333,0.828475336323,0.354465984392,0.243272994129,0,12,50,3,91,0.0333333333333,0.438095238095
/Users/test/midi2/rach-3212.mid,1.19293217716,0.0214876033058,8.34380165289,2,335.5,0.750295159386,0.14854591698,0.0824103375527,0,12,62,1,96,0.0892561983471,0.480991735537
Skipping /Users/test/midi2/rach-pr5.mid
/Users/test/midi2/rachbb.mid,1.63187073314,0.103965702036,4.51446945338,6,146.090909091,0.83630952381,0.144276158467,0.0741075400356,1,12,71,0,94,0.0900321543408,0.550911039657
/Users/test/midi2/rachmi2.mid,1.24139302565,0.00593471810089,12.1721068249,2,195.5,0.734246575342,0.250445166606,0.206775700935,0,12,59,1,67,0.0712166172107,0.46884272997
/Users/test/midi2/rachmm2.mid,0.879345996823,0.107279693487,9.469348659,3,347.25,0.844902816343,0.0415481282013,0.0613020096821,0,12,69,0,76,0.0153256704981,0.434865900383
/Users/test/midi2/rachpre1.mid,1.09351013238,0.203448275862,4.48275862069,3,55.5714285714,0.881355932203,0.222897234344,0.110402684564,0,12,67,0,76,0.131034482759,0.393103448276
/Users/test/midi2/rachpre6.mid,0.882785358118,0.234013605442,4.24353741497,4,33.3043478261,1.18511627907,0.106092361114,0.0615089514066,0,12,63,0,71,0.0244897959184,0.336054421769
/Users/test/midi2/schubert-d568.mid,1.18978629495,0.15404040404,4.81313131313,5,35.0,0.787610619469,5.36283909854,0.27866562785,1,12,48,0,55,0.0669191919192,0.42803030303
/Users/test/midi2/schubert-imp.mid,0.94339119069,0.218345526168,3.91558806978,2,268.857142857,1.7534478587,0.234199169418,0.0491730954677,0,12,70,0,71,0.0579628587507,0.329206527856
/Users/test/midi2/sib.mid,1.32552906262,0.0509554140127,9.93630573248,2,44.75,0.861635220126,0.19751436599,0.173286713287,0,12,34,1,51,0.0764331210191,0.458598726115
/Users/test/midi2/sib244.mid,1.20310460541,0.136363636364,6.68181818182,2,20.7142857143,1.07777777778,0.566801908903,0.498708120421,0,10,41,0,61,0.0818181818182,0.572727272727
/Users/test/midi2/tchai-nut3.mid,1.09973015534,0.263322884013,2.08150470219,3,34.4375,1.73796791444,0.0962478688995,0.107102745856,0,12,45,0,60,0.335423197492,0.510971786834
/Users/test/midi2/tchai-nut5.mid,1.33422756507,0.0866773675762,5.13643659711,6,8.14473684211,1.53899480069,0.122127872484,0.102626262626,0,9,32,1,60,0.162118780096,0.614767255217
/Users/test/midi2/tchai-nut6.mid,1.00181134286,0.0841584158416,5.60396039604,4,19.2857142857,0.476076555024,0.125788629631,0.119921875,0,12,49,0,58,0.185643564356,0.655940594059
Skipping /Users/test/midi2/tchai1.mid
/Users/test/midi2/tchai2.mid,1.48590034295,0.204545454545,3.13311688312,6,34.0,1.00448430493,0.390208090867,0.352409922433,1,11,36,2,48,0.262987012987,0.545454545455